$ANSIBLE_VAULT;1.1;AES256
62363962656164303031653161306431623533636261393034396230336434376533316164336638
3935343739323635323239333237333331353165636162300a656537386263326130326632666430
66646239393664376533393565396432333531343365393031633739396431306663393031626365
3339363362373535610a356535313765333262666334613163363430656538363333376134633337
36383335623131313532336433346337623463363565353764626262633238656561626366323438
62306534666632616665646437343031643262633436353731636531636132346139633866303333
63386565623735363562313232316266383237393131336263343535626135626664323362386264
34663039656134373762366364363066333335373138333866383034336666613134616135323130
39376337366237636366306464386132646262373530363164363962613763633463303135666665
36376561333464643339346531353663666136303637333366386361303832666363396531656164
65333136396535393636393232313264613231623836356164306139326138373638353334346435
35396236356332353066373563316133323232633037636130643466396536353436333066666137
36653131386437306533663234393132336432366236333664323066616663356363626530643235
38326462303161626566396161363332383630313363356264633735666532366564343636623566
38613462633661313634393861623166653261643231393334646362623231343164633738366639
32623430313663616663353331666330626165333564633966666134376130336361346163346639
66346161376662383733653638333934343566663633633765623338656333346163656638653936
33663537326534383762306536346531656536373666633535613035643533353265353836366238
61396130623035303530653562666463353262343536613865633736356564323637353336363931
62653639363132393337643261636664353736376565393035346365356639353938353339346662
38393964386231643566323162346563343462616539336533393963336438303961636633323963
63656431656535383765386338386438616133393662666335366331656236633365326238396435
36346466313335316231313962363864653131613062373731343936353637356133633663616533
63326238396631363565326365623136646331376666643166353232346562653961393061656138
37306433343062613834306431633931376234373231383061383166393137306430
